0.0553
0.2929
0.4093
0.5216
0.6352
0.7467
0.8626
0.9770
1.0902
1.2035
1.3196
1.4302
1.5443
1.6236
1.7720
1.8842
1.9988
2.1122
2.2258
2.3406
2.4522
2.5640
2.6535
2.7936
2.9065
3.0213
3.1341
3.2495
3.3623
3.4785
3.5896
3.7067
3.9270
4.0423
4.1541
4.2691
4.3810
4.4972
4.6107
4.7235
4.8372
4.9512
5.0639
5.1768
5.2942
5.4054
5.5182
5.6312
5.7455
5.8595
5.9749
6.0861
6.1991
6.3145
6.4287
6.5405
6.6560
6.7661
6.8820
6.9950
7.1127
7.2239
7.3359
7.5690
7.6812
7.7512
7.9873
8.1365
8.2482
8.4540
8.5909
8.7046
8.7929
8.9013
9.1558
9.3854
9.5000
9.5916
9.8314
9.9563
10.0334
10.4081
10.5217
10.6360
10.7526
10.8362
11.4129
11.6527
11.8827
11.9980
12.2239
12.3372
12.5656
12.6791
12.7922
12.9067
13.1333
13.2211
13.3616
13.4539
13.5894
13.7034
13.8885
14.0224
14.3866
14.5063
14.5663
14.8416
14.9206
15.0557
15.2945
15.4111
15.4835
15.7463
15.8664
15.9654
16.0920
16.2087
16.3197
16.4288
16.5448
16.6591
16.7708
16.8238
16.8909
17.0003
17.2283
17.3430
17.5458
17.6817
17.7957
17.9762
18.1371
18.2064
18.4222
18.5476
18.6771
18.9280
19.0437
19.1207
19.3526
19.5720
19.7816
19.8417
19.9534
20.0410
20.1734
20.4064
20.5204
20.7461
20.8603
20.9164
20.9782
21.2029
21.3130
21.4303
21.6243
21.7709
21.8791
22.0534
22.2283
22.3566
22.4561
22.5422
22.6856
22.7394
22.8013
23.0243
23.1378
23.2506
23.3664
23.4312
23.6796
23.8201
23.8721
23.9341
23.9909
24.1590
24.2318
24.5008
24.6154
24.8436
24.9554
25.0697
25.1817
25.2981
25.4105
25.5188
25.7472
25.8631
25.9759
26.1506
26.3175
26.4298
26.6380
26.7707
26.8315
26.8883
27.0008
27.1142
27.2272
27.3236
27.4495
27.5681
27.6807
27.9075
28.0154
28.1354
28.2025
28.2526
28.5889
28.7030
28.8155
28.9339
29.0431
29.1599
29.3813
29.4971
29.6083
29.7219
29.8354
29.9530
30.0662
30.2485
30.3609
30.4781
30.6332
30.7126
30.8622
30.9516
31.0567
31.3134
31.4271
31.6546
31.7691
31.8373
32.0935
32.2083
32.5281
32.6762
32.7941
32.9991
33.1374
33.2121
33.4771
33.6710
33.8238
33.8753
34.0260
34.1330
34.3126
34.3929
34.5005
34.5814
34.7968
34.9539
35.0439
35.4059
35.5234
35.7509
35.8267
35.9779
36.1618
36.3185
36.3817
36.6636
36.8556
37.0013
37.0565
37.1716
37.2295
37.2855
37.3421
37.5668
37.7646
37.9889
38.2471
38.4797
38.5763
38.7010
38.9275
39.0816
39.1631
39.3851
39.6150
39.6659
39.7310
39.7848
39.8410
39.9553
40.0125
40.2474
40.3073
40.5235
40.6473
40.7099
40.8967
40.9805
41.1221
41.3529
41.4357
41.5639
41.6627
41.8827
42.0441
42.1186
42.2876
42.5706
42.7421
42.7981
42.9488
43.1034
43.2553
43.4062
43.4836
43.5580
43.6472
43.9439
44.1355
44.2732
44.3302
44.3869
44.4473
44.5028
44.5576
44.6159
44.8418
45.0678
45.2572
45.5004
45.7506
45.8522
45.9348
46.2039
46.3770
46.4332
46.6610
46.8884
47.0013
47.0573
47.1143
47.1715
47.2284
47.2868
47.3437
47.5668
47.7910
48.0169
48.1563
48.2522
48.3266
48.4487
48.6852
48.9137
49.1562
49.2645
49.3591
49.8160
50.0422
50.2176
50.2967
50.3715
50.5227
50.6737
50.7505
50.8265
50.9725
51.0931
51.2032
51.3155
51.4334
51.5452
51.6582
51.7722
51.8866
51.9993
52.0771
52.2271
52.3388
52.4559
52.5333
52.6819
52.7936
52.9084
53.0233
53.1401
53.2503
53.3624
53.4741
53.5924
53.7090
53.9317
54.1579
54.2717
54.3886