0.0630
0.3207
0.4207
0.5698
0.8278
0.9263
1.0820
1.1929
1.3372
1.4384
1.5829
1.8481
1.9473
2.0867
2.2275
2.3515
2.4527
2.6066
2.7315
2.8626
2.9641
3.1190
3.2226
3.3680
3.4698
3.6134
3.8793
3.9793
4.1224
4.3900
4.4885
4.6338
4.8950
4.9962
5.1510
5.2559
5.4059
5.5061
5.6515
5.7160
5.9106
6.0108
6.1551
6.2920
6.4217
6.5227
6.6756
6.7995
6.9324
7.0340
7.1817
7.2915
7.4377
7.5386
7.6839
7.8164
7.9485
8.0495
8.1865
8.3276
8.4543
8.9184
9.2202
9.4707
9.5531
9.7138
9.9706
10.2263
10.4920
10.7421
10.9981
11.1812
11.2521
11.3495
11.5087
11.7548
11.9220
12.0128
12.1138
12.2069
12.2585
12.4905
12.6226
12.7701
12.8973
12.9672
13.0363
13.2831
13.5396
13.7800
13.9869
14.5558
14.8109
15.0661
15.1225
15.3201
15.5772
15.8166
16.0384
16.3263
16.4903
16.5918
17.0971
17.2238
17.3503
17.6085
17.6979
18.1192
18.3579
18.6253
18.8728
19.0862
19.1385
19.3920
19.6411
19.8842
19.9954
20.1520
20.2523
20.3044
20.6633
20.9028
21.1026
21.1683
21.4217
21.6792
22.1282
22.1829
22.2841
22.4242
22.6936
22.8296
22.9458
23.1591
23.4542
23.7100
23.9547
24.0727
24.2213
24.4159
24.4717
24.7263
24.9827
25.2374
25.4933
25.7427
25.9696
26.2532
26.5085
26.7644
26.8884
27.0109
27.2686
27.3633
27.5247
27.7792
28.0066
28.2852
28.4896
28.5405
28.7954
28.9219
28.9942
29.3066
29.5560
29.7870
30.0653
30.3235
30.5776
30.8268
30.9576
31.0826
31.3374
31.5940
31.8495
31.9773
32.0697
32.3544
32.6093
32.8649
32.9898
33.1201
33.3697
33.6265
33.8805
34.1357
34.3912
34.6410
34.8968
35.0301
35.1527
35.4075
35.6573
35.9137
36.1665
36.4239
36.6782
36.9278
37.0540
37.1815
37.2637
37.4388
37.6936
37.9497
38.1986
38.4545
38.5681
38.6854
38.9657
39.0917
39.2211
39.4718
39.6521
39.7270
39.9821
40.2368
40.4928
40.6700
40.9981
41.4582
41.5104
41.5856
41.7424
41.9609
42.0150
42.1533
42.2305
42.5236
42.7639
43.0340
43.5398
43.5940
43.7930
44.0506
44.2951
44.4085
44.5559
44.6406
45.0653
45.2830
45.4764
45.5777
45.8262
45.9812
46.0840
46.1831
46.2710
46.3276
46.5940
46.6927
46.8376
47.0980
47.2547
47.6085
47.6950
47.8642
48.1194
48.3595
48.4989
48.5505
48.6249
48.8681
49.0030
49.1355
49.3401
49.5739
49.6424
49.8936
50.1518
50.2169
50.6571
50.7577
50.8181
50.9008
51.1683
51.4083
51.6792
51.9259
52.1827
52.4277
52.5503
52.6942
52.8007
52.8615
53.1999
53.3224
53.3997
53.5412
53.6866
53.9627
54.2204
54.3214
54.4616
54.7266
54.9751
55.2367
55.3387
55.4418
55.7429
55.9972
56.2537
56.4976
56.7227
57.0024
57.1424
57.2672
57.3684
57.5186
57.6421
57.7775
57.8801
58.0348
58.1557
58.2832
58.3947
58.5294
58.7937
58.8969
59.0398
59.3045
59.4075
59.5496
59.8096
59.9125
60.0661
60.1892
60.3207
60.4232
60.5676
60.6316
60.8264
60.9263