0.0600
0.1970
0.3322
0.4460
0.5704
0.7039
0.8383
0.9611
1.0741
1.2138
1.3490
1.4757
1.5842
1.7213
1.8598
1.9715
2.0891
2.2313
2.3642
2.6000
2.7443
2.8749
2.9870
3.1121
3.2424
3.3808
3.5012
3.6166
3.7552
3.8920
4.0035
4.1255
4.2679
4.4030
4.5054
4.6312
4.7734
4.8910
5.0203
5.1437
5.2851
5.4178
5.5261
5.6537
5.7869
5.9074
6.0486
6.1597
6.2988
6.4334
6.5544
6.6698
6.8098
6.9447
7.0618
7.1753
7.3131
7.4500
7.5728
7.6860
7.8285
7.9454
8.1963
8.3066
8.6982
8.9569
9.0916
9.2128
9.7164
9.9713
10.1062
10.2232
10.3442
10.7313
10.8737
10.9871
11.1403
11.2440
11.6642
12.0072
12.1396
12.2592
12.5133
12.7699
13.1630
13.2266
13.5299
13.7866
13.9342
14.1792
14.4010
14.9425
15.0590
15.1910
15.3117
15.5683
15.7391
15.9570
16.0743
16.2072
16.2795
16.4729
16.8394
16.9786
17.0769
17.3498
17.5793
17.8542
18.0371
18.2331
18.3603
18.6319
18.8703
19.2118
19.5130
19.6436
19.8038
20.1512
20.2757
20.3983
20.6554
20.8723
21.1590
21.2830
21.4172
21.6709
21.9180
22.0607
22.1120
22.3285
22.6866
22.9405
23.1930
23.2821
23.8810
24.0961
24.2209
24.3438
24.4626
24.6288
24.7160
24.9723
25.2314
25.4480
25.7318
25.9885
26.1304
26.2421
26.6451
26.7570
27.0029
27.2182
27.3983
27.4685
27.6541
27.7718
28.0254
28.1580
28.2754
28.4151
28.5315
28.6725
28.8714
28.9287
29.2958
29.4329
29.5463
29.7035
30.0584
30.3127
30.4471
30.5389
30.6628
30.8196
31.0725
31.2134
31.2680
31.3416
31.5847
31.7200
31.8424
32.0907
32.2336
32.3459
32.4804
32.5396
32.8585
33.1114
33.2421
33.3606
33.6174
33.8721
34.0891
34.5068
34.5946
34.9006
34.9889
35.4070
35.6472
35.7880
35.9125
36.1583
36.2983
36.4234
36.5466
36.6259
36.8217
36.8955
37.1776
37.3166
37.4324
37.8303
38.0395
38.1910
38.5522
38.6636
39.1045
39.2133
39.4887
39.5896
39.7162
39.8581
39.9790
40.1144
40.2281
40.3672
40.4897
40.6152
40.7393
40.9816
41.3921
41.6789
42.0244
42.2621
42.3993
42.5350
42.6517
42.7920
43.0461
43.1654
43.2328
43.3033
43.5514
43.6256
44.0621
44.1848
44.2973
44.4308
44.5674
44.6839
44.8050
45.0787
45.2907
45.3417
45.5608
45.7076
45.8238
46.0779
46.3035
46.4700
46.6046
46.8446
47.1101
47.3023
47.6206
47.8587
48.1317
48.3620
48.4983
48.6362
48.7545
48.8719
49.0119
49.1464
49.3785
49.5151
49.6337
49.7589
49.8901
50.1645
50.3889
50.6681
50.9142
51.1802
51.3036
51.3694
51.6691
51.8955
52.1951
52.3166
52.4292
52.5658
52.7056
52.8332
52.9076
53.0365
53.1707
53.5907
53.7221
53.8358
53.9618
54.2188
54.6069
54.7196
54.8522
54.9098
54.9834
55.2484
55.3709
55.4687
55.6276
55.7509
55.8642
55.9918
56.1338
56.2639
56.3917
56.4993
56.6396
56.7747
56.8893
57.0034
57.1396
57.2599
57.3968
57.5148
57.6524
57.7709
57.9067
58.0254
58.1602
58.2747
58.4012
58.5310
58.6703
58.7858
58.9181
59.0411
59.1800
59.2972
59.5472
59.6843
59.8029
59.9369
60.0575
60.1953
60.3138
60.4502
60.5691
60.7005
60.8194